# t T2_kalt T1_warm pa_kalt pb_warm N
#t   T2   T1  pa  pb   N
0 21.1 21.2 4.2 4 0
60 21.0 21.9 1.5 6 170
120 20.9 22.7 1.7 6.2 180
180 20.1 23.9 1.9 6.6 185
240 20.1 25.3 2 7 195
300 17 27.1 2.2 7.5 200
360 15.3 28.8 2.2 7.9 203
420 13.5 30.6 2.2 8.2 205
480 11.8 32.4 2.2 8.5 207
540 10.1 34.2 2.2 9 207
600 8.5 35.8 2.2 9.4 207
660 7 37.5 2.2 9.6 210
720 5.6 38.9 2.2 10 210
780 4.5 40.5 2.2 10.4 212
840 3.5 41.9 2.2 10.7 213
900 2.8 43.3 2.2 11 211
960 2.1 44.7 2.2 11.4 211
1020 1.7 45.9 2.2 11.6 209
1080 1.2 47.1 2.2 12 206
1140 0.7 48.2 2.2 12.1 205
1200 0.3 49.3 2.2 12.5 205
1260 -0.2 50.2 2.2 12.6 205